 Index      X       Y     Cluster  
       0    1.248   0.931     0.000
       1    1.324   1.762     0.000
       2    0.883   0.883     0.000
       3    1.790   1.384     0.000
       4    0.765   1.271     0.000
       5    0.768   0.767     0.000
       6    1.121   0.043     0.000
       7    0.138   0.719     0.000
       8    0.494   1.157     0.000
       9    0.546   0.294     0.000
      10    1.733   0.887     0.000
      11    1.034   0.288     0.000
      12    0.728   1.055     0.000
      13    0.425   1.188     0.000
      14    0.700   0.854     0.000
      15    0.699   1.926     0.000
      16    0.993   0.471     0.000
      17    1.411   0.390     0.000
      18    1.104   0.020     0.000
      19    0.336   1.098     0.000
      20    1.369   1.086     0.000
      21    0.942   0.849     0.000
      22    0.261   0.640     0.000
      23    0.770   1.529     0.000
      24    1.172   0.118     0.000
      25    1.162   0.807     0.000
      26    0.662   1.306     0.000
      27    1.515   1.466     0.000
      28    0.580   0.845     0.000
      29    1.166   1.488     0.000
      30    0.760   0.907     0.000
      31    0.447   0.402     0.000
      32    1.406   1.678     0.000
      33    0.964   1.502     0.000
      34    1.181   0.677     0.000
      35    1.181   1.769     0.000
      36    0.982   1.782     0.000
      37   -0.310   1.411     0.000
      38    1.044   0.850     0.000
      39    1.046   0.006     0.000
      40    0.890   1.179     0.000
      41    1.739   0.741     0.000
      42    0.596   0.749     0.000
      43    1.458   1.164     0.000
      44    0.735   1.257     0.000
      45    1.049   1.484     0.000
      46    0.649   0.836     0.000
      47    0.804   0.268     0.000
      48    1.148   1.131     0.000
      49    1.003   0.883     0.000
      50    0.292   0.790     0.000
      51    0.829   0.599     0.000
      52    0.919   1.202     0.000
      53    1.943   1.087     0.000
      54    1.129   0.963     0.000
      55    0.041   0.987     0.000
      56    1.030   2.232     0.000
      57    0.904   1.151     0.000
      58    0.983   0.416     0.000
      59    1.571   1.376     0.000
      60    1.396   0.545     0.000
      61    1.701   0.299     0.000
      62    1.293   2.095     0.000
      63    0.505   0.717     0.000
      64    1.050   0.748     0.000
      65    0.225   1.034     0.000
      66    0.469   1.237     0.000
      67    0.540   1.775     0.000
      68    0.608   0.839     0.000
      69    1.407   0.385     0.000
      70    1.114   1.654     0.000
      71    0.196   1.092     0.000
      72    1.130   1.391     0.000
      73    0.382   0.340     0.000
      74    1.261   1.148     0.000
      75    1.125   1.173     0.000
      76    0.660   1.116     0.000
      77    1.147   0.643     0.000
      78    1.933   1.237     0.000
      79    0.404   1.328     0.000
      80    0.513   1.394     0.000
      81    1.579   0.590     0.000
      82    1.482   1.206     0.000
      83    1.411   1.948     0.000
      84    0.877   0.623     0.000
      85    0.555   0.592     0.000
      86    0.961   1.171     0.000
      87    1.138   1.414     0.000
      88    1.007   1.727     0.000
      89    0.868   2.360     0.000
      90    1.313   0.571     0.000
      91    0.465   1.241     0.000
      92    0.888   1.357     0.000
      93    1.237   0.964     0.000
      94    0.577   0.243     0.000
      95    0.777   1.428     0.000
      96    1.107   0.377     0.000
      97    1.087   1.193     0.000
      98    0.558   1.077     0.000
      99    1.029   0.429     0.000
     100    6.179   2.280     1.000
     101    6.542   2.527     1.000
     102    5.311   1.531     1.000
     103    6.258   2.257     1.000
     104    6.258   3.926     1.000
     105    6.285   2.568     1.000
     106    6.477   2.326     1.000
     107    5.842   2.379     1.000
     108    5.614   1.882     1.000
     109    5.757   2.041     1.000
     110    7.157   1.066     1.000
     111    6.343   1.194     1.000
     112    5.764   2.544     1.000
     113    6.032   1.461     1.000
     114    5.642   2.340     1.000
     115    5.635   2.108     1.000
     116    6.023   1.674     1.000
     117    7.072   2.317     1.000
     118    4.987   2.093     1.000
     119    5.669   2.426     1.000
     120    5.604   1.943     1.000
     121    6.252   2.433     1.000
     122    5.400   1.833     1.000
     123    5.763   1.673     1.000
     124    6.883   2.202     1.000
     125    5.370   2.459     1.000
     126    7.061   2.516     1.000
     127    5.240   1.758     1.000
     128    6.633   1.646     1.000
     129    6.222   2.387     1.000
     130    5.537   1.970     1.000
     131    4.379   1.488     1.000
     132    5.874   1.376     1.000
     133    6.816   1.285     1.000
     134    5.780   2.065     1.000
     135    6.721   1.282     1.000
     136    6.582   2.005     1.000
     137    5.509   2.231     1.000
     138    6.100   1.700     1.000
     139    6.035   1.807     1.000
     140    6.057   2.331     1.000
     141    6.793   1.381     1.000
     142    7.067   1.024     1.000
     143    5.924   2.294     1.000
     144    6.140   1.689     1.000
     145    5.896   1.753     1.000
     146    5.705   2.425     1.000
     147    6.179   1.654     1.000
     148    6.450   2.154     1.000
     149    6.406   2.315     1.000
     150    5.586   1.720     1.000
     151    6.374   2.305     1.000
     152    5.990   2.059     1.000
     153    6.639   1.704     1.000
     154    6.274   1.899     1.000
     155    5.891   2.549     1.000
     156    6.413   2.407     1.000
     157    6.653   2.011     1.000
     158    6.341   1.845     1.000
     159    6.162   1.935     1.000
     160    6.048   2.298     1.000
     161    5.591   3.046     1.000
     162    5.497   1.393     1.000
     163    6.579   2.396     1.000
     164    6.312   2.314     1.000
     165    5.994   1.551     1.000
     166    6.038   1.661     1.000
     167    6.488   1.926     1.000
     168    5.587   1.839     1.000
     169    6.206   1.718     1.000
     170    5.589   2.122     1.000
     171    6.122   1.747     1.000
     172    5.764   2.116     1.000
     173    5.276   1.296     1.000
     174    5.641   1.893     1.000
     175    6.155   2.738     1.000
     176    6.429   1.920     1.000
     177    5.990   1.499     1.000
     178    5.991   1.856     1.000
     179    6.161   1.586     1.000
     180    6.260   2.766     1.000
     181    5.946   2.201     1.000
     182    6.345   1.799     1.000
     183    6.112   2.006     1.000
     184    6.049   1.613     1.000
     185    6.012   2.249     1.000
     186    6.726   2.480     1.000
     187    7.077   1.616     1.000
     188    6.436   2.092     1.000
     189    7.095   1.596     1.000
     190    5.580   1.700     1.000
     191    4.938   1.737     1.000
     192    5.620   2.075     1.000
     193    6.171   2.938     1.000
     194    6.475   1.712     1.000
     195    5.551   2.246     1.000
     196    5.340   2.916     1.000
     197    6.590   1.765     1.000
     198    5.143   2.677     1.000
     199    5.943   2.619     1.000
     200    3.203   4.700     2.000
     201    4.003   5.023     2.000
     202    3.775   5.311     2.000
     203    3.466   4.929     2.000
     204    4.060   5.257     2.000
     205    4.356   4.438     2.000
     206    3.233   5.639     2.000
     207    4.166   4.626     2.000
     208    4.776   5.058     2.000
     209    4.590   5.034     2.000
     210    5.030   5.878     2.000
     211    3.876   5.486     2.000
     212    4.323   5.684     2.000
     213    3.518   5.343     2.000
     214    4.529   4.121     2.000
     215    3.408   3.980     2.000
     216    3.865   5.359     2.000
     217    4.751   5.037     2.000
     218    4.814   4.310     2.000
     219    3.148   4.972     2.000
     220    4.192   4.984     2.000
     221    2.966   4.955     2.000
     222    3.348   5.335     2.000
     223    4.183   4.530     2.000
     224    3.743   4.470     2.000
     225    3.969   5.478     2.000
     226    3.507   5.252     2.000
     227    3.735   4.604     2.000
     228    3.946   4.482     2.000
     229    3.723   4.401     2.000
     230    4.982   5.018     2.000
     231    3.650   5.107     2.000
     232    3.944   4.890     2.000
     233    4.307   5.379     2.000
     234    3.735   4.712     2.000
     235    3.862   3.849     2.000
     236    3.242   5.683     2.000
     237    4.822   4.875     2.000
     238    4.288   5.156     2.000
     239    5.539   5.560     2.000
     240    3.936   4.522     2.000
     241    3.197   5.102     2.000
     242    3.622   4.289     2.000
     243    3.677   4.459     2.000
     244    4.844   5.441     2.000
     245    3.996   5.740     2.000
     246    4.039   4.569     2.000
     247    4.762   5.269     2.000
     248    3.481   4.905     2.000
     249    3.562   4.309     2.000
     250    4.463   5.955     2.000
     251    3.301   5.281     2.000
     252    3.675   4.756     2.000
     253    3.704   4.568     2.000
     254    4.024   4.585     2.000
     255    4.135   4.975     2.000
     256    3.881   4.546     2.000
     257    3.712   5.378     2.000
     258    4.250   4.511     2.000
     259    4.050   5.376     2.000
     260    3.165   5.272     2.000
     261    3.669   5.285     2.000
     262    3.618   4.098     2.000
     263    3.186   5.024     2.000
     264    4.130   4.548     2.000
     265    4.319   4.169     2.000
     266    3.967   4.394     2.000
     267    3.674   5.024     2.000
     268    3.570   4.808     2.000
     269    4.503   4.712     2.000
     270    4.418   4.435     2.000
     271    4.265   5.721     2.000
     272    2.764   4.602     2.000
     273    4.289   4.898     2.000
     274    4.186   4.698     2.000
     275    4.043   4.922     2.000
     276    4.584   5.127     2.000
     277    4.169   4.794     2.000
     278    3.756   4.784     2.000
     279    4.197   4.790     2.000
     280    4.145   6.038     2.000
     281    4.436   4.837     2.000
     282    4.601   4.796     2.000
     283    2.981   4.496     2.000
     284    3.065   4.824     2.000
     285    4.009   5.838     2.000
     286    4.163   4.890     2.000
     287    4.415   3.894     2.000
     288    4.118   5.385     2.000
     289    3.261   5.572     2.000
     290    4.169   4.792     2.000
     291    4.316   6.135     2.000
     292    4.091   5.124     2.000
     293    3.770   4.575     2.000
     294    4.415   4.572     2.000
     295    4.036   4.761     2.000
     296    4.239   5.167     2.000
     297    4.519   4.745     2.000
     298    3.865   4.511     2.000
     299    3.778   5.189     2.000
